                                                   Correlation Matrix

                    The CORR Procedure
          14 Variables:    Administrative   Administrative_Duration   Informational   Informational_Duration   ProductRelated   ProductRelated_Duration   BounceRates   ExitRates   PageValues   SpecialDay   OperatingSystems   Browser   Region   TrafficType
                    Simple Statistics
Variable         N      Mean   Std Dev       Sum   Minimum   Maximum
--------  --------  --------  --------  --------  --------  --------
Administrative                 35     3.54286     5.46832    124.00000   0.00000     26.00000
Administrative_Duration        35   123.60169   299.47385   4326.05928   0.00000   1561.71757
Informational                  35     1.08571     2.09160     38.00000   0.00000      9.00000
Informational_Duration         35    99.29302   317.86769   3475.25556   0.00000   1767.66667
ProductRelated                 35    40.37143    67.67443   1413.00000   1.00000    338.00000
ProductRelated_Duration        35  1718.35702  2924.30939  60142.49559   0.00000  13265.35595
BounceRates                    35     0.01252     0.03572      0.43835   0.00000      0.20000
ExitRates                      35     0.03310     0.03873      1.15853   0.00000      0.20000
PageValues                     35    14.97467    29.72254    524.11339   0.00000    143.47668
SpecialDay                     35     0.03429     0.14130      1.20000   0.00000      0.60000
OperatingSystems               35     2.20000     0.90098     77.00000   1.00000      4.00000
Browser                        35     2.25714     1.42133     79.00000   1.00000      7.00000
Region                         35     3.14286     2.79856    110.00000   1.00000      9.00000
TrafficType                    35     5.17143     5.18757    181.00000   1.00000     20.00000
   Pearson Correlation Coefficients, N = 35
          Prob > |r| under H0: Rho=0
            Administrative  Administrative_Duration  Informational  Informational_Duration  ProductRelated  ProductRelated_Duration  BounceRates  ExitRates  PageValues  SpecialDay  OperatingSystems   Browser    Region  TrafficType
--------  --------  --------  --------  --------  --------  --------  --------  --------  --------  --------  --------  --------  --------  --------
Administrative   1.00000   0.89926   0.71069   0.45763   0.65155   0.73534  -0.13690  -0.34967   0.11360  -0.16183   0.03701   0.00422  -0.00137   0.18325
              .       <.0001    <.0001    0.0057    <.0001    <.0001    0.4329    0.0395    0.5159    0.3530    0.8328    0.9808    0.9938    0.2920
Administrative_Duration   0.89926   1.00000   0.68674   0.33476   0.49389   0.63123  -0.07235  -0.22249   0.03573  -0.10309   0.01903  -0.07406  -0.04114   0.21961
            <.0001      .       <.0001    0.0493    0.0026    <.0001    0.6796    0.1989    0.8385    0.5557    0.9136    0.6724    0.8145    0.2049
Informational   0.71069   0.68674   1.00000   0.58125   0.64599   0.69650  -0.10327  -0.28091   0.00804  -0.12966   0.03746  -0.19561   0.08327   0.24257
            <.0001    <.0001      .       0.0003    <.0001    <.0001    0.5549    0.1021    0.9634    0.4579    0.8308    0.2601    0.6344    0.1603
Informational_Duration   0.45763   0.33476   0.58125   1.00000   0.87783   0.85196  -0.04490  -0.13344  -0.09584  -0.07802  -0.09612  -0.09494  -0.03208  -0.04090
            0.0057    0.0493    0.0003      .       <.0001    <.0001    0.7979    0.4447    0.5839    0.6560    0.5828    0.5875    0.8548    0.8156
ProductRelated   0.65155   0.49389   0.64599   0.87783   1.00000   0.97373  -0.08384  -0.23503   0.00743  -0.11025  -0.01814  -0.18388  -0.05728  -0.05724
            <.0001    0.0026    <.0001    <.0001      .       <.0001    0.6321    0.1741    0.9662    0.5284    0.9176    0.2903    0.7438    0.7440
ProductRelated_Duration   0.73534   0.63123   0.69650   0.85196   0.97373   1.00000  -0.09353  -0.23962   0.04274  -0.12422  -0.03038  -0.15876  -0.04790  -0.04178
            <.0001    <.0001    <.0001    <.0001    <.0001      .       0.5931    0.1656    0.8074    0.4771    0.8625    0.3623    0.7847    0.8116
BounceRates  -0.13690  -0.07235  -0.10327  -0.04490  -0.08384  -0.09353   1.00000   0.83851  -0.17413   0.61169   0.05251  -0.09238  -0.12548  -0.14063
            0.4329    0.6796    0.5549    0.7979    0.6321    0.5931      .       <.0001    0.3171    <.0001    0.7645    0.5976    0.4726    0.4204
ExitRates  -0.34967  -0.22249  -0.28091  -0.13344  -0.23503  -0.23962   0.83851   1.00000  -0.28532   0.45565   0.19100   0.12066  -0.23118  -0.15744
            0.0395    0.1989    0.1021    0.4447    0.1741    0.1656    <.0001      .       0.0966    0.0059    0.2717    0.4899    0.1815    0.3664
PageValues   0.11360   0.03573   0.00804  -0.09584   0.00743   0.04274  -0.17413  -0.28532   1.00000   0.00521  -0.18375  -0.16483   0.26886  -0.02576
            0.5159    0.8385    0.9634    0.5839    0.9662    0.8074    0.3171    0.0966      .       0.9763    0.2907    0.3440    0.1184    0.8832
SpecialDay  -0.16183  -0.10309  -0.12966  -0.07802  -0.11025  -0.12422   0.61169   0.45565   0.00521   1.00000  -0.05545  -0.04519  -0.19125  -0.12863
            0.3530    0.5557    0.4579    0.6560    0.5284    0.4771    <.0001    0.0059    0.9763      .       0.7517    0.7966    0.2711    0.4615
OperatingSystems   0.03701   0.01903   0.03746  -0.09612  -0.01814  -0.03038   0.05251   0.19100  -0.18375  -0.05545   1.00000   0.44097  -0.30328   0.35114
            0.8328    0.9136    0.8308    0.5828    0.9176    0.8625    0.7645    0.2717    0.2907    0.7517      .       0.0080    0.0766    0.0386
Browser    0.00422  -0.07406  -0.19561  -0.09494  -0.18388  -0.15876  -0.09238   0.12066  -0.16483  -0.04519   0.44097   1.00000  -0.02430   0.12149
            0.9808    0.6724    0.2601    0.5875    0.2903    0.3623    0.5976    0.4899    0.3440    0.7966    0.0080      .       0.8898    0.4869
Region    -0.00137  -0.04114   0.08327  -0.03208  -0.05728  -0.04790  -0.12548  -0.23118   0.26886  -0.19125  -0.30328  -0.02430   1.00000  -0.05441
            0.9938    0.8145    0.6344    0.8548    0.7438    0.7847    0.4726    0.1815    0.1184    0.2711    0.0766    0.8898      .       0.7562
TrafficType   0.18325   0.21961   0.24257  -0.04090  -0.05724  -0.04178  -0.14063  -0.15744  -0.02576  -0.12863   0.35114   0.12149  -0.05441   1.00000
            0.2920    0.2049    0.1603    0.8156    0.7440    0.8116    0.4204    0.3664    0.8832    0.4615    0.0386    0.4869    0.7562      .
                                                   Correlation Matrix

                                                   The FREQ Procedure

                                               Cumulative    Cumulative
Binned_SpecialDay    Frequency    Percent     Frequency      Percent
--------------------------------------------------------------------------
0                           33     94.29           33        94.29
1                            2      5.71           35       100.00
